% GVR 2.20

F = [
    2 1 0 0 0 0;
    1 0 2 0 0 0;
    0 2 -1 -1 0 0;
    2 -1 0 0 -1 0;
    1 1 0 0 0 -1;
    0 0 2 1 1 1;
    ];

b = [
    160
    90
    0
    0
    0
    300
    ];

x = F \ b

nF = 300 - x(4) - x(5) - x(6)